;Effective area (cm^2) for 14 shell HERO module vs. E (keV) and off-axis angle (arcmin=am) 
;    E      0 am    1 am    2 am    3 am    4 am    5 am    6 am    7 am    8 am    9 am   10 am   11 am   12 am 
  17.50   12.94   11.33    9.70    8.07    6.41    4.91    3.69    2.80    2.22    1.79    1.43    1.17    0.94 
  17.75   12.95   11.33    9.70    8.07    6.41    4.91    3.69    2.80    2.22    1.79    1.44    1.17    0.94 
  18.00   12.95   11.34    9.71    8.07    6.42    4.92    3.69    2.80    2.22    1.79    1.44    1.17    0.94 
  18.25   12.96   11.35    9.71    8.08    6.42    4.92    3.69    2.80    2.22    1.79    1.44    1.17    0.94 
  18.50   12.97   11.35    9.72    8.08    6.42    4.92    3.70    2.80    2.22    1.79    1.44    1.17    0.94 
  18.75   12.97   11.36    9.72    8.08    6.42    4.92    3.70    2.81    2.23    1.79    1.44    1.17    0.94 
  19.00   12.98   11.36    9.73    8.09    6.43    4.92    3.70    2.81    2.23    1.79    1.44    1.17    0.94 
  19.25   12.99   11.37    9.73    8.09    6.43    4.92    3.70    2.81    2.23    1.79    1.44    1.17    0.94 
  19.50   12.99   11.37    9.73    8.09    6.43    4.92    3.70    2.81    2.23    1.79    1.44    1.17    0.94 
  19.75   13.00   11.38    9.74    8.10    6.43    4.93    3.70    2.81    2.23    1.80    1.44    1.17    0.94 
  20.00   13.00   11.38    9.74    8.10    6.43    4.93    3.70    2.81    2.23    1.80    1.44    1.17    0.95 
  20.25   13.01   11.39    9.75    8.10    6.43    4.93    3.70    2.81    2.23    1.80    1.44    1.17    0.95 
  20.50   13.01   11.39    9.75    8.10    6.44    4.93    3.70    2.81    2.23    1.80    1.44    1.17    0.95 
  20.75   13.02   11.40    9.75    8.11    6.44    4.93    3.70    2.81    2.23    1.80    1.44    1.17    0.95 
  21.00   13.02   11.40    9.76    8.11    6.44    4.93    3.70    2.81    2.23    1.80    1.44    1.17    0.95 
  21.25   13.03   11.40    9.76    8.11    6.44    4.93    3.70    2.81    2.23    1.80    1.44    1.17    0.95 
  21.50   13.03   11.41    9.76    8.11    6.44    4.93    3.70    2.81    2.23    1.80    1.44    1.17    0.95 
  21.75   13.04   11.41    9.76    8.11    6.44    4.93    3.70    2.81    2.23    1.80    1.44    1.17    0.95 
  22.00   13.04   11.42    9.77    8.12    6.44    4.92    3.69    2.81    2.23    1.80    1.44    1.17    0.95 
  22.25   13.04   11.42    9.77    8.12    6.44    4.92    3.69    2.81    2.23    1.80    1.45    1.17    0.95 
  22.50   13.05   11.42    9.77    8.12    6.44    4.92    3.69    2.81    2.23    1.80    1.45    1.17    0.95 
  22.75   13.05   11.42    9.77    8.12    6.44    4.92    3.68    2.81    2.23    1.80    1.45    1.17    0.95 
  23.00   13.06   11.43    9.78    8.12    6.44    4.92    3.68    2.81    2.23    1.80    1.45    1.18    0.95 
  23.25   13.06   11.43    9.78    8.12    6.44    4.91    3.67    2.81    2.23    1.80    1.45    1.18    0.95 
  23.50   13.06   11.43    9.78    8.12    6.43    4.91    3.66    2.81    2.23    1.80    1.45    1.18    0.95 
  23.75   13.07   11.44    9.78    8.12    6.43    4.90    3.66    2.81    2.23    1.80    1.45    1.18    0.95 
  24.00   13.07   11.44    9.78    8.12    6.43    4.90    3.65    2.81    2.23    1.80    1.45    1.18    0.95 
  24.25   13.07   11.44    9.78    8.12    6.42    4.89    3.64    2.81    2.23    1.80    1.45    1.18    0.95 
  24.50   13.07   11.44    9.78    8.12    6.42    4.88    3.63    2.81    2.23    1.80    1.45    1.18    0.95 
  24.75   13.08   11.44    9.79    8.12    6.41    4.86    3.62    2.81    2.23    1.80    1.45    1.18    0.95 
  25.00   13.08   11.45    9.79    8.12    6.41    4.85    3.61    2.80    2.23    1.80    1.45    1.18    0.95 
  25.25   13.08   11.45    9.79    8.12    6.40    4.83    3.60    2.80    2.23    1.80    1.45    1.18    0.95 
  25.50   13.08   11.45    9.79    8.12    6.39    4.82    3.59    2.80    2.23    1.80    1.45    1.18    0.95 
  25.75   13.09   11.45    9.79    8.12    6.38    4.80    3.58    2.79    2.23    1.80    1.45    1.18    0.95 
  26.00   13.09   11.45    9.79    8.11    6.37    4.77    3.57    2.79    2.23    1.80    1.45    1.18    0.95 
  26.25   13.09   11.46    9.79    8.11    6.36    4.75    3.56    2.78    2.22    1.80    1.45    1.18    0.95 
  26.50   13.09   11.46    9.79    8.11    6.34    4.73    3.55    2.78    2.22    1.80    1.45    1.18    0.95 
  26.75   13.09   11.46    9.79    8.10    6.32    4.70    3.53    2.77    2.22    1.80    1.44    1.18    0.95 
  27.00   13.10   11.46    9.79    8.10    6.30    4.68    3.52    2.76    2.21    1.80    1.44    1.18    0.95 
  27.25   13.10   11.46    9.79    8.09    6.28    4.65    3.50    2.76    2.21    1.79    1.44    1.17    0.95 
  27.50   13.10   11.46    9.79    8.08    6.25    4.63    3.49    2.75    2.21    1.79    1.44    1.17    0.95 
  27.75   13.10   11.46    9.79    8.07    6.22    4.60    3.47    2.74    2.20    1.79    1.44    1.17    0.95 
  28.00   13.10   11.46    9.79    8.06    6.19    4.57    3.46    2.73    2.19    1.79    1.44    1.17    0.95 
  28.25   13.10   11.46    9.78    8.04    6.16    4.54    3.44    2.72    2.19    1.78    1.44    1.17    0.95 
  28.50   13.10   11.46    9.78    8.03    6.13    4.51    3.43    2.71    2.18    1.78    1.44    1.17    0.95 
  28.75   13.11   11.46    9.78    8.01    6.09    4.49    3.41    2.70    2.17    1.77    1.44    1.17    0.95 
  29.00   13.11   11.46    9.78    7.99    6.05    4.46    3.39    2.69    2.17    1.77    1.43    1.17    0.95 
  29.25   13.11   11.46    9.78    7.97    6.01    4.43    3.37    2.68    2.16    1.76    1.43    1.17    0.95 
  29.50   13.11   11.46    9.77    7.94    5.97    4.40    3.36    2.66    2.15    1.76    1.43    1.17    0.95 
  29.75   13.11   11.46    9.77    7.91    5.93    4.37    3.34    2.65    2.14    1.75    1.42    1.17    0.95 
  30.00   13.11   11.46    9.77    7.88    5.89    4.34    3.32    2.64    2.13    1.74    1.42    1.16    0.94 
  30.25   13.11   11.46    9.76    7.85    5.84    4.31    3.30    2.63    2.12    1.74    1.42    1.16    0.94 
  30.50   13.11   11.46    9.76    7.81    5.80    4.27    3.28    2.61    2.11    1.73    1.41    1.16    0.94 
  30.75   13.11   11.46    9.75    7.77    5.75    4.24    3.26    2.60    2.10    1.72    1.40    1.16    0.94 
  31.00   13.11   11.46    9.74    7.73    5.71    4.21    3.24    2.59    2.09    1.71    1.40    1.15    0.94 
  31.25   13.11   11.46    9.73    7.68    5.66    4.18    3.22    2.57    2.08    1.71    1.39    1.15    0.94 
  31.50   13.11   11.46    9.71    7.64    5.61    4.15    3.20    2.56    2.07    1.70    1.39    1.14    0.93 
  31.75   13.11   11.46    9.69    7.59    5.56    4.11    3.18    2.54    2.06    1.69    1.38    1.14    0.93 
  32.00   13.11   11.45    9.67    7.53    5.51    4.08    3.15    2.53    2.05    1.68    1.37    1.13    0.93 
  32.25   13.11   11.45    9.64    7.48    5.46    4.05    3.13    2.51    2.03    1.67    1.37    1.13    0.92 
  32.50   13.11   11.45    9.61    7.43    5.41    4.01    3.11    2.50    2.02    1.66    1.36    1.12    0.92 
  32.75   13.10   11.45    9.57    7.37    5.36    3.98    3.08    2.48    2.01    1.65    1.35    1.11    0.92 
  33.00   13.10   11.44    9.54    7.31    5.31    3.94    3.06    2.46    2.00    1.64    1.34    1.11    0.91 
  33.25   13.10   11.44    9.50    7.25    5.26    3.91    3.04    2.44    1.98    1.63    1.33    1.10    0.91 
  33.50   13.10   11.44    9.45    7.20    5.21    3.87    3.01    2.42    1.97    1.62    1.32    1.09    0.90 
  33.75   13.10   11.43    9.41    7.14    5.16    3.84    2.99    2.41    1.96    1.61    1.32    1.09    0.90 
  34.00   13.10   11.43    9.36    7.08    5.10    3.80    2.96    2.39    1.94    1.60    1.31    1.08    0.89 
  34.25   13.09   11.42    9.31    7.01    5.05    3.77    2.93    2.37    1.93    1.59    1.30    1.07    0.88 
  34.50   13.09   11.42    9.26    6.95    5.00    3.73    2.91    2.35    1.91    1.58    1.29    1.06    0.88 
  34.75   13.09   11.41    9.20    6.89    4.95    3.70    2.88    2.33    1.90    1.56    1.28    1.06    0.87 
  35.00   13.09   11.40    9.14    6.82    4.90    3.66    2.85    2.31    1.88    1.55    1.27    1.05    0.86 
  35.25   13.08   11.39    9.08    6.76    4.84    3.63    2.83    2.29    1.87    1.54    1.26    1.04    0.86 
  35.50   13.08   11.38    9.01    6.69    4.79    3.59    2.80    2.26    1.85    1.53    1.25    1.03    0.85 
  35.75   13.08   11.36    8.94    6.62    4.74    3.55    2.77    2.24    1.83    1.52    1.24    1.02    0.84 
  36.00   13.07   11.35    8.88    6.55    4.69    3.52    2.74    2.22    1.82    1.50    1.23    1.02    0.84 
  36.25   13.07   11.32    8.80    6.48    4.63    3.48    2.72    2.20    1.80    1.49    1.22    1.01    0.83 
  36.50   13.06   11.29    8.73    6.41    4.58    3.44    2.69    2.18    1.78    1.47    1.21    1.00    0.82 
  36.75   13.06   11.25    8.66    6.34    4.53    3.41    2.66    2.15    1.76    1.46    1.20    0.99    0.81 
  37.00   13.05   11.20    8.58    6.27    4.47    3.37    2.63    2.13    1.74    1.45    1.18    0.98    0.80 
  37.25   13.04   11.14    8.50    6.20    4.42    3.33    2.60    2.11    1.73    1.43    1.17    0.97    0.80 
  37.50   13.04   11.09    8.42    6.12    4.37    3.30    2.57    2.08    1.71    1.42    1.16    0.96    0.79 
  37.75   13.03   11.03    8.35    6.05    4.32    3.26    2.54    2.06    1.69    1.40    1.15    0.95    0.78 
  38.00   13.02   10.97    8.27    5.97    4.26    3.22    2.52    2.04    1.67    1.38    1.14    0.94    0.77 
  38.25   13.01   10.90    8.19    5.90    4.21    3.19    2.49    2.01    1.65    1.37    1.12    0.93    0.76 
  38.50   13.00   10.84    8.11    5.83    4.16    3.15    2.46    1.99    1.63    1.35    1.11    0.92    0.75 
  38.75   12.99   10.76    8.03    5.75    4.11    3.11    2.43    1.96    1.61    1.34    1.10    0.91    0.75 
  39.00   12.98   10.68    7.94    5.68    4.05    3.07    2.40    1.94    1.59    1.32    1.08    0.90    0.74 
  39.25   12.96   10.60    7.86    5.61    4.00    3.04    2.37    1.92    1.57    1.30    1.07    0.89    0.73 
  39.50   12.95   10.52    7.78    5.53    3.95    3.00    2.34    1.89    1.55    1.28    1.06    0.88    0.72 
  39.75   12.93   10.44    7.69    5.46    3.90    2.96    2.31    1.87    1.53    1.27    1.04    0.87    0.71 
  40.00   12.91   10.35    7.61    5.39    3.85    2.92    2.28    1.84    1.51    1.25    1.03    0.86    0.70 
  40.25   12.88   10.25    7.52    5.31    3.80    2.88    2.25    1.82    1.49    1.23    1.01    0.85    0.69 
  40.50   12.85   10.16    7.43    5.24    3.74    2.85    2.22    1.80    1.47    1.21    1.00    0.83    0.68 
  40.75   12.82   10.06    7.34    5.16    3.69    2.81    2.19    1.77    1.45    1.20    0.98    0.82    0.67 
  41.00   12.77    9.96    7.25    5.09    3.64    2.77    2.16    1.75    1.43    1.18    0.97    0.81    0.66 
  41.25   12.70    9.86    7.15    5.02    3.59    2.73    2.13    1.72    1.41    1.16    0.95    0.80    0.65 
  41.50   12.61    9.75    7.06    4.94    3.54    2.69    2.10    1.70    1.39    1.14    0.94    0.79    0.64 
  41.75   12.48    9.65    6.97    4.87    3.49    2.66    2.07    1.68    1.37    1.13    0.92    0.77    0.63 
  42.00   12.34    9.54    6.87    4.80    3.44    2.62    2.04    1.65    1.35    1.11    0.91    0.76    0.62 
  42.25   12.21    9.43    6.78    4.73    3.39    2.58    2.01    1.63    1.33    1.09    0.89    0.75    0.61 
  42.50   12.10    9.32    6.68    4.66    3.34    2.54    1.98    1.60    1.31    1.08    0.88    0.73    0.60 
  42.75   12.00    9.21    6.59    4.59    3.29    2.51    1.95    1.58    1.29    1.06    0.86    0.72    0.59 
  43.00   11.91    9.11    6.49    4.52    3.24    2.47    1.92    1.56    1.27    1.04    0.85    0.71    0.58 
  43.25   11.83    9.00    6.40    4.45    3.20    2.44    1.90    1.53    1.25    1.02    0.83    0.70    0.57 
  43.50   11.75    8.89    6.31    4.38    3.15    2.40    1.87    1.51    1.23    1.01    0.82    0.69    0.56 
  43.75   11.66    8.79    6.22    4.31    3.10    2.37    1.84    1.49    1.21    0.99    0.81    0.67    0.55 
  44.00   11.56    8.69    6.12    4.25    3.05    2.33    1.81    1.46    1.20    0.98    0.79    0.66    0.54 
  44.25   11.44    8.58    6.03    4.18    3.01    2.30    1.78    1.44    1.18    0.96    0.78    0.65    0.53 
  44.50   11.25    8.48    5.94    4.11    2.96    2.26    1.75    1.42    1.16    0.94    0.76    0.64    0.52 
  44.75   10.97    8.37    5.85    4.05    2.91    2.23    1.73    1.40    1.14    0.93    0.75    0.63    0.51 
  45.00   10.74    8.27    5.76    3.98    2.87    2.19    1.70    1.37    1.12    0.91    0.74    0.61    0.50 
  45.25   10.55    8.16    5.68    3.92    2.82    2.16    1.67    1.35    1.10    0.90    0.73    0.60    0.49 
  45.50   10.39    8.06    5.59    3.86    2.78    2.13    1.65    1.33    1.09    0.88    0.71    0.59    0.48 
  45.75   10.25    7.95    5.51    3.80    2.74    2.09    1.62    1.31    1.07    0.87    0.70    0.58    0.47 
  46.00   10.11    7.85    5.42    3.74    2.70    2.06    1.60    1.29    1.05    0.85    0.69    0.57    0.47 
  46.25    9.98    7.75    5.34    3.68    2.65    2.03    1.57    1.27    1.04    0.84    0.68    0.56    0.46 
  46.50    9.82    7.65    5.25    3.62    2.61    2.00    1.55    1.25    1.02    0.83    0.66    0.55    0.45 
  46.75    9.65    7.55    5.17    3.56    2.57    1.97    1.52    1.23    1.00    0.81    0.65    0.54    0.44 
  47.00    9.48    7.45    5.09    3.50    2.53    1.94    1.50    1.21    0.99    0.80    0.64    0.53    0.43 
  47.25    9.33    7.34    5.01    3.45    2.49    1.91    1.47    1.19    0.97    0.79    0.63    0.52    0.42 
  47.50    9.20    7.24    4.93    3.39    2.45    1.88    1.45    1.17    0.96    0.77    0.62    0.51    0.41 
  47.75    9.08    7.14    4.85    3.34    2.41    1.85    1.43    1.15    0.94    0.76    0.61    0.50    0.40 
  48.00    8.97    7.04    4.77    3.28    2.38    1.82    1.41    1.13    0.92    0.75    0.60    0.49    0.40 
  48.25    8.86    6.93    4.70    3.23    2.34    1.79    1.39    1.12    0.91    0.73    0.59    0.48    0.39 
  48.50    8.75    6.83    4.62    3.18    2.30    1.76    1.36    1.10    0.89    0.72    0.57    0.47    0.38 
  48.75    8.62    6.72    4.55    3.13    2.27    1.73    1.34    1.08    0.88    0.71    0.56    0.46    0.37 
  49.00    8.48    6.62    4.47    3.08    2.23    1.71    1.32    1.06    0.86    0.70    0.55    0.45    0.36 
  49.25    8.33    6.52    4.40    3.03    2.19    1.68    1.30    1.05    0.85    0.69    0.54    0.44    0.36 
  49.50    8.19    6.41    4.33    2.98    2.16    1.65    1.28    1.03    0.84    0.67    0.53    0.44    0.35 
  49.75    8.08    6.31    4.26    2.93    2.13    1.63    1.26    1.01    0.82    0.66    0.52    0.43    0.34 
  50.00    7.98    6.21    4.19    2.88    2.09    1.60    1.24    1.00    0.81    0.65    0.51    0.42    0.34 
  50.25    7.89    6.12    4.12    2.84    2.06    1.58    1.22    0.98    0.79    0.64    0.51    0.41    0.33 
  50.50    7.81    6.03    4.05    2.79    2.03    1.55    1.20    0.97    0.78    0.63    0.50    0.40    0.32 
  50.75    7.74    5.93    3.98    2.75    1.99    1.53    1.18    0.95    0.77    0.62    0.49    0.40    0.31 
  51.00    7.67    5.84    3.91    2.70    1.96    1.51    1.16    0.93    0.75    0.61    0.48    0.39    0.31 
  51.25    7.60    5.75    3.85    2.66    1.93    1.48    1.14    0.92    0.74    0.60    0.47    0.38    0.30 
  51.50    7.54    5.66    3.78    2.62    1.90    1.46    1.13    0.90    0.73    0.59    0.46    0.37    0.29 
  51.75    7.48    5.57    3.72    2.57    1.87    1.43    1.11    0.89    0.72    0.58    0.45    0.36    0.29 
  52.00    7.42    5.48    3.66    2.53    1.84    1.41    1.09    0.87    0.70    0.57    0.44    0.36    0.28 
  52.25    7.35    5.39    3.59    2.49    1.81    1.39    1.07    0.86    0.69    0.56    0.43    0.35    0.28 
  52.50    7.27    5.30    3.53    2.45    1.78    1.37    1.05    0.85    0.68    0.55    0.43    0.34    0.27 
  52.75    7.17    5.21    3.47    2.41    1.75    1.34    1.04    0.83    0.67    0.54    0.42    0.34    0.26 
  53.00    7.05    5.12    3.41    2.37    1.72    1.32    1.02    0.82    0.66    0.53    0.41    0.33    0.26 
  53.25    6.94    5.04    3.36    2.33    1.69    1.30    1.00    0.80    0.64    0.52    0.40    0.32    0.25 
  53.50    6.84    4.96    3.30    2.29    1.67    1.28    0.99    0.79    0.63    0.51    0.39    0.32    0.25 
  53.75    6.75    4.88    3.24    2.26    1.64    1.26    0.97    0.78    0.62    0.50    0.39    0.31    0.24 
  54.00    6.67    4.80    3.18    2.22    1.61    1.24    0.95    0.76    0.61    0.49    0.38    0.30    0.23 
  54.25    6.60    4.72    3.13    2.18    1.59    1.22    0.94    0.75    0.60    0.48    0.37    0.30    0.23 
  54.50    6.53    4.64    3.08    2.15    1.56    1.20    0.92    0.74    0.59    0.47    0.36    0.29    0.22 
  54.75    6.46    4.56    3.02    2.11    1.53    1.18    0.91    0.72    0.58    0.46    0.36    0.28    0.22 
  55.00    6.40    4.48    2.97    2.07    1.51    1.16    0.89    0.71    0.57    0.45    0.35    0.28    0.21 
  55.25    6.33    4.40    2.92    2.04    1.48    1.14    0.88    0.70    0.56    0.45    0.34    0.27    0.21 
  55.50    6.25    4.33    2.87    2.01    1.46    1.12    0.86    0.69    0.55    0.44    0.34    0.27    0.20 
  55.75    6.15    4.25    2.82    1.97    1.43    1.10    0.85    0.67    0.54    0.43    0.33    0.26    0.20 
  56.00    6.03    4.17    2.77    1.94    1.41    1.08    0.83    0.66    0.53    0.42    0.32    0.26    0.20 
  56.25    5.92    4.09    2.72    1.91    1.39    1.06    0.82    0.65    0.52    0.41    0.32    0.25    0.19 
  56.50    5.82    4.02    2.67    1.87    1.36    1.04    0.80    0.64    0.51    0.41    0.31    0.24    0.19 
  56.75    5.72    3.94    2.62    1.84    1.34    1.03    0.79    0.63    0.50    0.40    0.30    0.24    0.18 
  57.00    5.63    3.87    2.58    1.81    1.32    1.01    0.78    0.61    0.49    0.39    0.30    0.23    0.18 
  57.25    5.52    3.80    2.53    1.78    1.30    0.99    0.76    0.60    0.48    0.38    0.29    0.23    0.17 
  57.50    5.40    3.73    2.48    1.75    1.27    0.98    0.75    0.59    0.47    0.37    0.28    0.22    0.17 
  57.75    5.28    3.66    2.44    1.72    1.25    0.96    0.74    0.58    0.46    0.37    0.28    0.22    0.17 
  58.00    5.16    3.59    2.40    1.69    1.23    0.94    0.72    0.57    0.45    0.36    0.27    0.21    0.16 
  58.25    5.06    3.53    2.35    1.66    1.21    0.93    0.71    0.56    0.44    0.35    0.27    0.21    0.16 
  58.50    4.97    3.46    2.31    1.63    1.19    0.91    0.70    0.55    0.44    0.35    0.26    0.20    0.15 
  58.75    4.87    3.40    2.27    1.61    1.17    0.90    0.69    0.54    0.43    0.34    0.26    0.20    0.15 
  59.00    4.77    3.34    2.23    1.58    1.15    0.88    0.67    0.53    0.42    0.33    0.25    0.20    0.15 
  59.25    4.66    3.27    2.19    1.55    1.13    0.87    0.66    0.52    0.41    0.33    0.25    0.19    0.14 
  59.50    4.54    3.21    2.15    1.53    1.11    0.85    0.65    0.51    0.40    0.32    0.24    0.19    0.14 
  59.75    4.43    3.15    2.11    1.50    1.09    0.84    0.64    0.50    0.40    0.31    0.24    0.18    0.14 
  60.00    4.34    3.09    2.07    1.47    1.08    0.82    0.63    0.50    0.39    0.31    0.23    0.18    0.13 
  60.25    4.27    3.03    2.04    1.45    1.06    0.81    0.62    0.49    0.38    0.30    0.23    0.18    0.13 
  60.50    4.20    2.98    2.00    1.43    1.04    0.80    0.61    0.48    0.37    0.30    0.22    0.17    0.13 
  60.75    4.13    2.92    1.97    1.40    1.02    0.78    0.60    0.47    0.37    0.29    0.22    0.17    0.13 
  61.00    4.08    2.86    1.93    1.38    1.01    0.77    0.59    0.46    0.36    0.29    0.21    0.16    0.12 
  61.25    4.02    2.81    1.90    1.36    0.99    0.76    0.58    0.45    0.35    0.28    0.21    0.16    0.12 
  61.50    3.97    2.75    1.86    1.33    0.97    0.75    0.57    0.45    0.35    0.27    0.20    0.16    0.12 
  61.75    3.92    2.70    1.83    1.31    0.96    0.73    0.56    0.44    0.34    0.27    0.20    0.15    0.11 
  62.00    3.87    2.64    1.80    1.29    0.94    0.72    0.55    0.43    0.33    0.26    0.20    0.15    0.11 
  62.25    3.82    2.59    1.77    1.27    0.92    0.71    0.54    0.42    0.33    0.26    0.19    0.15    0.11 
  62.50    3.76    2.54    1.74    1.25    0.91    0.70    0.53    0.41    0.32    0.25    0.19    0.14    0.11 
  62.75    3.69    2.49    1.70    1.23    0.89    0.68    0.52    0.41    0.31    0.25    0.18    0.14    0.10 
  63.00    3.61    2.44    1.67    1.21    0.88    0.67    0.51    0.40    0.31    0.24    0.18    0.14    0.10 
  63.25    3.52    2.39    1.65    1.19    0.87    0.66    0.50    0.39    0.30    0.24    0.18    0.13    0.10 
  63.50    3.44    2.34    1.62    1.17    0.85    0.65    0.49    0.39    0.30    0.23    0.17    0.13    0.10 
  63.75    3.38    2.29    1.59    1.15    0.84    0.64    0.49    0.38    0.29    0.23    0.17    0.13    0.10 
  64.00    3.32    2.25    1.56    1.13    0.82    0.63    0.48    0.37    0.29    0.22    0.16    0.12    0.09 
  64.25    3.27    2.20    1.53    1.11    0.81    0.62    0.47    0.37    0.28    0.22    0.16    0.12    0.09 
  64.50    3.22    2.16    1.50    1.09    0.80    0.61    0.46    0.36    0.27    0.22    0.16    0.12    0.09 
  64.75    3.18    2.11    1.48    1.07    0.78    0.60    0.45    0.35    0.27    0.21    0.15    0.12    0.09 
  65.00    3.13    2.07    1.45    1.06    0.77    0.59    0.44    0.35    0.26    0.21    0.15    0.11    0.08 
  65.25    3.10    2.03    1.42    1.04    0.76    0.58    0.44    0.34    0.26    0.20    0.15    0.11    0.08 
  65.50    3.06    1.98    1.40    1.02    0.75    0.57    0.43    0.34    0.25    0.20    0.14    0.11    0.08 
  65.75    3.02    1.94    1.37    1.01    0.73    0.56    0.42    0.33    0.25    0.19    0.14    0.11    0.08 
  66.00    2.99    1.90    1.35    0.99    0.72    0.55    0.41    0.32    0.25    0.19    0.14    0.10    0.08 
  66.25    2.95    1.87    1.33    0.97    0.71    0.54    0.41    0.32    0.24    0.19    0.14    0.10    0.08 
  66.50    2.91    1.83    1.30    0.96    0.70    0.53    0.40    0.31    0.24    0.18    0.13    0.10    0.07 
  66.75    2.87    1.79    1.28    0.94    0.69    0.52    0.39    0.31    0.23    0.18    0.13    0.10    0.07 
  67.00    2.81    1.75    1.26    0.93    0.67    0.51    0.39    0.30    0.23    0.17    0.13    0.09    0.07 
  67.25    2.74    1.72    1.23    0.91    0.66    0.51    0.38    0.29    0.22    0.17    0.12    0.09    0.07 
  67.50    2.66    1.68    1.21    0.90    0.65    0.50    0.37    0.29    0.22    0.17    0.12    0.09    0.07 
  67.75    2.59    1.65    1.19    0.88    0.64    0.49    0.37    0.28    0.21    0.16    0.12    0.09    0.07 
  68.00    2.54    1.61    1.17    0.87    0.63    0.48    0.36    0.28    0.21    0.16    0.12    0.09    0.06 
  68.25    2.49    1.58    1.15    0.85    0.62    0.47    0.35    0.27    0.21    0.16    0.11    0.08    0.06 
  68.50    2.44    1.54    1.13    0.84    0.61    0.46    0.35    0.27    0.20    0.15    0.11    0.08    0.06 
  68.75    2.39    1.51    1.10    0.82    0.60    0.46    0.34    0.26    0.20    0.15    0.11    0.08    0.06 
  69.00    2.34    1.48    1.08    0.81    0.59    0.45    0.33    0.26    0.20    0.15    0.11    0.08    0.06 
  69.25    2.28    1.45    1.06    0.80    0.58    0.44    0.33    0.25    0.19    0.14    0.10    0.08    0.06 
  69.50    2.21    1.41    1.04    0.78    0.57    0.43    0.32    0.25    0.19    0.14    0.10    0.07    0.06 
  69.75    2.13    1.38    1.03    0.77    0.56    0.43    0.32    0.24    0.18    0.14    0.10    0.07    0.05 
  70.00    2.06    1.35    1.01    0.76    0.55    0.42    0.31    0.24    0.18    0.13    0.10    0.07    0.05 
  70.25    2.00    1.32    0.99    0.74    0.54    0.41    0.31    0.24    0.18    0.13    0.09    0.07    0.05 
  70.50    1.95    1.30    0.97    0.73    0.53    0.41    0.30    0.23    0.17    0.13    0.09    0.07    0.05 
  70.75    1.91    1.27    0.95    0.72    0.53    0.40    0.30    0.23    0.17    0.13    0.09    0.07    0.05 
  71.00    1.87    1.24    0.94    0.71    0.52    0.39    0.29    0.22    0.17    0.12    0.09    0.07    0.05 
  71.25    1.83    1.21    0.92    0.70    0.51    0.39    0.29    0.22    0.16    0.12    0.09    0.06    0.05 
  71.50    1.80    1.19    0.90    0.68    0.50    0.38    0.28    0.21    0.16    0.12    0.08    0.06    0.05 
  71.75    1.77    1.16    0.88    0.67    0.49    0.37    0.28    0.21    0.16    0.12    0.08    0.06    0.05 
  72.00    1.74    1.13    0.87    0.66    0.48    0.37    0.27    0.21    0.16    0.11    0.08    0.06    0.04 
  72.25    1.71    1.11    0.85    0.65    0.48    0.36    0.27    0.20    0.15    0.11    0.08    0.06    0.04 
  72.50    1.68    1.08    0.84    0.64    0.47    0.35    0.26    0.20    0.15    0.11    0.08    0.06    0.04 
  72.75    1.66    1.06    0.82    0.63    0.46    0.35    0.26    0.19    0.15    0.11    0.08    0.06    0.04 
  73.00    1.63    1.04    0.81    0.62    0.45    0.34    0.25    0.19    0.14    0.10    0.07    0.05    0.04 
  73.25    1.60    1.01    0.79    0.61    0.44    0.34    0.25    0.19    0.14    0.10    0.07    0.05    0.04 
  73.50    1.58    0.99    0.77    0.60    0.44    0.33    0.24    0.18    0.14    0.10    0.07    0.05    0.04 
  73.75    1.55    0.97    0.76    0.59    0.43    0.32    0.24    0.18    0.13    0.10    0.07    0.05    0.04 
  74.00    1.51    0.94    0.74    0.57    0.42    0.32    0.23    0.18    0.13    0.09    0.07    0.05    0.04 
  74.25    1.46    0.92    0.73    0.56    0.41    0.31    0.23    0.17    0.13    0.09    0.07    0.05    0.04 
  74.50    1.39    0.90    0.71    0.55    0.41    0.31    0.22    0.17    0.13    0.09    0.06    0.05    0.03 
  74.75    1.33    0.87    0.70    0.54    0.40    0.30    0.22    0.17    0.12    0.09    0.06    0.05    0.03 
  75.00    1.27    0.85    0.69    0.53    0.39    0.29    0.22    0.16    0.12    0.09    0.06    0.05    0.03 
  75.25    1.22    0.83    0.67    0.52    0.38    0.29    0.21    0.16    0.12    0.08    0.06    0.04    0.03 
  75.50    1.18    0.81    0.65    0.51    0.38    0.28    0.21    0.15    0.11    0.08    0.06    0.04    0.03 
  75.75    1.13    0.78    0.64    0.50    0.37    0.28    0.20    0.15    0.11    0.08    0.06    0.04    0.03 
  76.00    1.07    0.75    0.62    0.48    0.36    0.27    0.19    0.15    0.11    0.08    0.05    0.04    0.03 
  76.25    0.93    0.71    0.59    0.46    0.34    0.25    0.19    0.14    0.10    0.07    0.05    0.04    0.03 
  76.50    0.84    0.67    0.56    0.44    0.33    0.24    0.18    0.13    0.10    0.07    0.05    0.04    0.03 
  76.75    0.86    0.68    0.56    0.44    0.33    0.25    0.18    0.13    0.10    0.07    0.05    0.04    0.03 
  77.00    0.85    0.67    0.56    0.44    0.33    0.25    0.18    0.13    0.10    0.07    0.05    0.04    0.03 
  77.25    0.84    0.67    0.56    0.44    0.33    0.24    0.18    0.13    0.10    0.07    0.05    0.04    0.03 
  77.50    0.83    0.66    0.55    0.44    0.32    0.24    0.18    0.13    0.10    0.07    0.05    0.04    0.03 
  77.75    0.81    0.65    0.55    0.43    0.32    0.24    0.17    0.13    0.09    0.07    0.05    0.04    0.03 
  78.00    0.79    0.65    0.54    0.43    0.32    0.24    0.17    0.13    0.09    0.07    0.05    0.03    0.03 
  78.25    0.77    0.64    0.54    0.42    0.32    0.23    0.17    0.13    0.09    0.07    0.05    0.03    0.02 
  78.50    0.75    0.63    0.53    0.42    0.31    0.23    0.17    0.12    0.09    0.07    0.05    0.03    0.02 
  78.75    0.73    0.62    0.52    0.41    0.31    0.23    0.17    0.12    0.09    0.06    0.05    0.03    0.02 
  79.00    0.71    0.61    0.52    0.41    0.31    0.23    0.16    0.12    0.09    0.06    0.05    0.03    0.02 
  79.25    0.70    0.60    0.51    0.40    0.30    0.22    0.16    0.12    0.09    0.06    0.04    0.03    0.02 
  79.50    0.68    0.59    0.50    0.40    0.30    0.22    0.16    0.12    0.09    0.06    0.04    0.03    0.02 
  79.75    0.66    0.58    0.50    0.40    0.30    0.22    0.16    0.12    0.09    0.06    0.04    0.03    0.02 
  80.00    0.64    0.57    0.49    0.39    0.29    0.22    0.16    0.11    0.08    0.06    0.04    0.03    0.02 
